0.1e3
-0.105101187215062465014492439281628366952672718392501582549694e2
-0.121725428136822512342221296768803995745297022305550383691798e2
0.274762656303747612640266912306438245928220134845312460969444e2
0.2e3
-0.669723317338198260629811295252639468668643494155441327947814e1
-0.119110204835391274096162060769309339942051163644938431090972e2
0.130368264143583210804638382272644575265611437162621912505492e2
0.3e3
0.101975349916617340483059581029321393082684055768122347415289e2
0.390651772236292603888411971054245856767753222931386533476246e1
0.353374270924044119540077367829102101295175247765099145065935e2
0.4e3
-0.188924764980498695078188061481712615204693824497639670381697e1
-0.356578804089746613718091427328031852257341660590867573817398e1
0.202996396355045988449340822379482700678447021485729794842756e2
0.5e3
-0.530509963157151975668167282631523827929944970560591867558475e1
-0.942599102921151593283630476183236816175551462424823090828246e1
0.123021842306897796584797596599864180292417103889753350132711e2
0.6e3
-0.863505382597614095841132889242878662067651843608429294544617e0
0.499057856286716032213543038581961390391402902916048971300106e0
0.215814381442490757153721919960147175111858623004352926634876e2
0.7e3
0.108849636682167034947008810034853354701861566777260480762116e2
0.163298937924670384856030682748295751974948210586319391068824e2
0.222474588595872103054221587559932631209006106207788205523011e2
0.8e3
0.139633471541395346277249138227244976449190146556970622604694e1
0.240877126758134021375038123564255948131476729707650412624416e1
0.145904412700592820842040759884277490047943110597032147470437e2
0.9e3
-0.64493678239852971796323006284642042264886755244941564357851e1
-0.109846424175324213952051608759578097126818362248001957132355e2
0.146479744682782816817489435946274387659752013921994459104614e2
0.1e4
0.138819970008623936228745946190500598828464522492847211429154e2
0.199183031604063943725202892972277691827099470904474524067061e2
0.269019433083761055359861941156864768179194639526192052311567e2
0.11e4
0.229745927118366327354581184336183098826665930876727020729333e1
0.229971087499651563776997195419239626731629381346622560813405e1
0.196177794317690383883049133517816795591971925939265375028969e2
0.12e4
-0.736072907109647106035770502187939677261932227964998558641299e1
-0.119377340084203779361846030114829113086584958993526033862618e2
0.16803323148067373073882941629491540572788215531677351709153e2
0.13e4
-0.588840866377874590803258287504473543875265819674870828934155e1
-0.103039835999626099020007750665029656317474765066838193519521e2
0.132023229159164201956029751458669969239024258522719532724628e2
0.14e4
-0.295645387118079702150069229468193214315333494947710379307219e1
-0.163843722880398840692902964169948787313061551559323557958658e1
0.231918117438464689904155208519352347151118087240195879837057e2
0.15e4
-0.101398076869776529627137340304195982883743660396277961535491e2
-0.762637161169374575793507632711306430944634186534960298820809e1
0.318584100782971894871869087884894539572497013770363231064338e2
0.16e4
-0.29833582888896949299112594465771180309996155463506496826057e0
-0.429115365008562364734974601541590901533227811502038350225292e0
0.129396231630987182611904163617173416511933533514998875481125e2
0.17e4
0.925156507499731400885815020111276564653545319063401494850386e0
0.176051351309981639124553478564803069343763940272176844480309e1
0.166215637051725582286698978524277811143758860812276524656305e2
0.18e4
-0.365724407557769035420685956075774264795260106068771964324077e1
0.199560234068606262413896156147097407779971434438163736279536e1
0.293437227516879858990116837137269790412598162515652855956278e2
0.19e4
0.826890440022382592516630112693115283440246815590209902567022e1
0.276981272603106284457638222019345145166822962217946873025595e1
0.327098710581741388160470171037028682604882267755255431421288e2
0.2e4
-0.687388369320501804806782569848567604551277960223179625562478e1
-0.148483482766984219765621139597397280838538470289574264065158e1
0.313495210746742767214014798318685489842233655464318749566272e2
0.21e4
-0.16125339444926958337715789454616037153254107253218998475876e2
-0.107129418852470246958273383136006484513237323155730171774588e2
0.421046386750482960581268791423579160232481311939048769011288e2
0.22e4
0.156180911104445544189692602728463606178590436310068177362076e0
-0.21834619415218758594189695734125129581429512995274739362882e1
0.23296902764781983243118114482769686915746339651618794445751e2
0.23e4
-0.127695752160107576435403949664806494076559409321217112017024e2
-0.151708469157618485165974575600957710267946857495863531672425e2
0.298847840416915525004302177612026847250218924389417773308156e2
0.24e4
0.101672297637252520778237114020435088157232843848595481721095e2
0.253818573852510077980001328654413693530206465831558672083498e1
0.363592756961053121187362960648150190348945855838308543063375e2
0.25e4
0.275915244118950808775495056623142671079611270292841829605362e1
0.476284454767802535152403927904838358478001441736498115278143e0
0.246410504969318630729504679838824703547713124578390748111013e2
0.26e4
0.37779313356361040114545936448271019598923641544368205467324e1
0.207453855350553023779578930972634658796690659563544870734248e1
0.245153307896186308511841105999887002495813193534294995920878e2
0.27e4
-0.119663103563116838873021135227058857624863203510830104561401e2
-0.200445710062680053112002352749269589670064307972551715013716e2
0.196009630546820753832116068599952428082065363133168784994266e2
0.28e4
-0.397858030183210445113120173407141295222362328807146541205078e1
-0.367328469667955457508341953976559502166272055930870262162356e1
0.223209262700037685501724111486903079001494585806415610295075e2
0.29e4
0.110575355946868235681527809545268961922795822076795792468467e2
0.176702991080881969633054862171188641013883351061695233590225e2
0.20435440379805473820977317573787901640432626569276447846817e2
0.3e4
0.169329021700113352408088260156046840654873405827283092137474e1
0.360034186504510831639616235468060480602915697065916331973641e1
0.214108751012984972926487408849656877749918749214762508441397e2
0.31e4
-0.60244808374811430630233050600746591118108609340460127303498e1
-0.658311777729672761164819274047943286575684507265659260102936e1
0.231610223198278046355247214537723738127034547879813135236804e2
0.32e4
-0.114797044995901663847253981214885013686714176156259972467857e2
-0.633916153444935349713602773914140431093099152430886755091791e1
0.358209346316084853945315481908596100205951016701586288173811e2
0.33e4
-0.554467249662259627546022156330164361786016837166764149812546e0
-0.227431839691819544263929134929684531514862103064799154197257e1
0.214857672946101832192045476153742023344407297243758962749922e2
0.34e4
-0.27489678051847440812050609404222167208841414540949514991742e-2
-0.267363801715848105723241859364498139146768260151531343307726e0
0.156667103573362018530149589770810977779414148843376908545135e2
0.35e4
0.735688810940980906445734660921789867344148056988938181284761e0
-0.211867718021041735234849764148444198069830119450900121955301e1
0.24466744776366425457502051909795039351422355274198935312764e2
0.36e4
0.88355031371166009234555000191264269268787618149190905134716e1
0.137595437174978878648574772641225620861517150315389747410595e2
0.192241171925968183300026302763406448235955238029028779207814e2
0.37e4
-0.978829135333074510064107823734733221296633109589094124133251e1
-0.148592087876049219829778734872658203868404644520532621389654e2
0.208321464665895465652201090152806070334805165138830381828441e2
0.38e4
-0.461887457504852335602075054792340484179125020426637155966598e0
-0.637614896938219045479236411669448980138668743224391382953608e0
0.139177540263410602269806766027424043618482011786998491630869e2
0.39e4
-0.126053528307954694879090181931174536496527716666181492743658e2
-0.219077736176934694500506710050321323141289766456417439668606e2
0.187396653460606559649036485177619670510909607194250397649552e2
0.4e4
-0.769266636069163239973446931542345680399120443738764258242932e1
-0.134995906766223386037332770983068935224398651147594490695205e2
0.141994288825384582248693658786602803017121536161930613006355e2
0.41e4
0.405082695751591984094488378012592950728626542957830357286368e1
0.711896640408348548978959746226382922803462805485194246220996e1
0.123888397893534237636510559898815454923266122483139947644284e2
0.42e4
-0.10879951294064582995417394273256510909412816228993712833587e2
-0.475916790851124643995183615817725919963474001144413499836319e1
0.359429360961411843744411335986205742254983733504206877696124e2
0.43e4
-0.132675870847475037102007082266345206304554126793792577273805e2
-0.4528479568252291970183709469776651257271545574405404615723e1
0.406941419738376423667851222361517981381783848007603705077579e2
0.44e4
-0.874345833950180529128538506491976812327635161618669340494255e0
-0.399853074271832963520517323938837920288597937370734931200198e1
0.245385862627076063973441975395033778402826569402201514334759e2
0.45e4
-0.137454721317200943803353318101517283298447826438487830037425e2
-0.831576721686686299204993691354624532392423908590400712140083e1
0.388588563067516945568949608529273764588741900946324140112689e2
0.46e4
0.54932210239379356824410122464362326066452525516200470746583e1
0.436600337760298499872079928381224878759935497759010275573606e1
0.252227371040832417166905602503020103932185357358244186514797e2
0.47e4
0.405655833910768259670818709184878576356676327117796564165704e1
0.35275706241864527705484533342363285716878346905451682351458e1
0.228166220491337745175246916778736457051862853000956864967996e2
0.48e4
-0.126006461570075643339218323343572886716649704681899484542092e2
-0.152606717401823990450998616822897102862782284252205130526421e2
0.293061771155542595543765376977945136503290847826999864283196e2
0.49e4
0.474021998121935963631026842603817315842733368608597268969714e1
0.83432953495373023198884381407376509373515861775164865361978e1
0.125533280183429035207135947248886067302680864193883128412549e2
0.5e4
-0.608445109549900750321160040675118804348687585003569399186506e1
-0.10813737089458431017144399128251780526497507531429278232153e2
0.127391167564222883117697173360653704902410844298990206038492e2
0.51e4
-0.661467177952546737694045133045837470532369827741907122515378e1
-0.137647917482479374179636827381878255949008786542674378215004e1
0.309869841304237011811195505400540951068102403465236172532203e2
0.52e4
-0.41711046796156658965409003146471047280388002572867455095871e1
-0.370879041731223911021406804336710319303313917161500942979467e0
0.276202390659164420958379781593919830208657569380556362957057e2
0.53e4
0.279672797426519985390134433325214694511647593326540871757893e1
0.237849671174874192843391346701730928896652409569258038806248e1
0.212645617684572505272282610913735125349576562339387134065485e2
0.54e4
-0.121870859226829133894219089427056992776223840564088222492861e2
-0.705490277913908044054987061244304915668101643294835557879905e1
0.366615439128250207841446682863118315580541157247121910980048e2
0.55e4
0.477192127839646282759608493572010117228732727707625662602474e1
0.881535859579699685619205328704554525505736544390504706255397e1
0.104386344326395743534972341072779781660688530028280099124837e2
0.56e4
0.495190789144266467210684190603171620553683998465189189025974e1
0.558124061941537599846149036730686505877813828676641786067768e1
0.216755240535187463064234873032765459141969910299741457609675e2
0.57e4
0.235749905480156882936014435297850098636582847759921382403179e1
0.362991562485755546560143917408529008049873113491969101124413e0
0.239028462377759085781878201513522475685344242705394903046658e2
0.58e4
0.257732649843402301904947092581711270677384580190767347030805e1
0.319699756506117380490756500325389239602931307326725509020001e1
0.182089130118896095256982841634090349134521670650862193691328e2
0.59e4
0.246839193394212272813401553130982874629802293087876978501134e1
0.173802182132856960935362411387713905412205701029073296695329e1
0.21600075222180264340084318795956224593054614787751440783539e2
0.6e4
0.216735634583540786415110067523993748233690377829322282238329e0
0.210427857399996770063443080651290674974035918593536999934889e1
0.221246087354781405210618260223943147690825874489478158243065e2
0.61e4
0.323215286143511648409108106548883128763269473557116410790478e1
0.54629294266574428077073963820454116672158628106344907644223e1
0.139250763302560845242935430857681377711600536554845133545578e2
0.62e4
0.141129588866425400949698543758810278053273830627622409525623e2
0.190745940292456815879183283959923809971419228133487860240847e2
0.287956309024353333752741425560739217014357828225624935964335e2
0.63e4
0.121332078092439239555546103772365421968616542860759275608032e2
0.160978253144930383105362810791067432576901341636313248417104e2
0.268210827258542351527174271136377951803277031463797049799944e2
0.64e4
0.714184609370584389847390264990824283845287450712628156692566e1
-0.120741708251088019655493255763854499340851061438853749989531e1
0.341020975314421891470894321579660703769618474382100621574453e2
0.65e4
0.467580304881303059535373315372643811606721856726233071915993e1
0.569191056302216246446735853943295141366081639782010521302937e1
0.204905658582768466275116485603774165788173925949121850518713e2
0.66e4
-0.189014624490098167747525967688989772272135726063439072687611e1
-0.318064366437939444675233213768692767957532072651739303543074e1
0.159455985536095241053284897425192199373529401309539878647385e2
0.67e4
0.295181382990279724349837562720288417968461098722002213855799e1
0.317222060170452531845067414845950890283343991270788629314574e1
0.199444394120586461770233361156940129335981914726279447839484e2
0.68e4
0.577240139719222292601127249075666100438794397008924083256732e1
0.539060898782022189434247627964921676334771498210404749414526e0
0.303101605963091936597989363234637987415434116328172996730663e2
0.69e4
-0.150472150013539498511167543799206295119353156413022848024892e1
-0.27515115786991641883280386963306083241944863710011057653634e1
0.182572507925178826004307754370616070164077583934911971370606e2
0.7e4
-0.113948597319980575605222672196610314436721213880960371515432e2
-0.165753893862155047792197936223823741365785229645089658358894e2
0.236812684152727442606515658983496241929376520738687973015703e2
0.71e4
-0.125589054648355364311511271466302249788750051412750407243086e2
-0.33337221680195798359399364784037573401239569316681661948529e1
0.401735509952248386040719413721654488728278446048650719550432e2
0.72e4
-0.301036531028061850379980703297198950496482165928920139359785e1
-0.15511731963725826907552459084190340218433829687885221217145e1
0.234841424000750400144726183404901581240672702367892824966256e2
0.73e4
-0.41292740767167626030559801732300141145367486380084200941667e1
-0.714462914465083749996022429090557475087826525190580666859195e1
0.130657055322200831149437879668800991983195425068545201561483e2
0.74e4
0.384280202509235919335532323136389852677121924276752952051835e1
0.691031759401796961141726844335361390928644027636352006328504e1
0.113337473209865621270365925876931781508202123172258922769502e2
0.75e4
0.185835088128663285617668981997772292827050222754634866050786e0
0.648907731999228150198670406253293885330678726440163511799607e0
0.165550049757568977015696359062788402337011606710484727897499e2
0.76e4
0.518495692804670152984304498181939913846220523594891170473971e1
0.840186868199770899751753649326474762744521926348983007938994e1
0.154043043391128466122187867406727485082431340510951122497352e2
0.77e4
-0.63144887568595199492223943717581531836151356309619922453333e1
-0.117858304688010484850052190181031349695681333711083685738422e2
0.106478680109398929461609130628801238450973901838367971833795e2
0.78e4
-0.108911562037273862662694291944999429545599369737855683297596e2
-0.632383990729305892220699121235640691747106706068408732286267e1
0.346456062828631033575638795656538636881855772635012639651465e2
0.79e4
0.134021648389484837790405950930423401807956680847046486213943e2
0.378372907290814111459125079177486194672257257237473415782623e1
0.414551096449085398948825654201946143463349906698554025962564e2
0.8e4
-0.126587347762087393012321922815539216491941299153640292724812e1
-0.233627025603799477552699756804592006758613564068723687396345e1
0.174959683391149284009804622984391855996049823645032928190293e2
0.81e4
0.507974098363532657359728981855559414905518217406134664935662e1
0.818673500391402354399318348891638511593396354212880555366342e1
0.161242366331006352370174328796662535360217027946576815259979e2
0.82e4
-0.388492960355076438797890249734135200261095160854088825382647e1
-0.631581972915384282844428799699410314057014798292332484477782e1
0.145881340694101623841967723931884618964137905576297416886492e2
0.83e4
0.713330412231082120052314658260380115156200662146691718056399e0
0.321332407690375165547774558466213078257168301888749765074505e1
0.23331359259571959403009706859442235455180590499147809328216e2
0.84e4
0.340855209609115225847803840595968186516106797259017955581705e1
0.327987129291207888796611977102218909153908119315552731721745e1
0.213289389339608691752360326420963812738024166540264932836013e2
0.85e4
-0.304116400925109574747572063646830320913684387993932420302318e1
0.153143007512744207140320658103267379962487919571296354314635e1
0.278442254922550013610322018198347444597761278872674575581475e2
0.86e4
-0.72549728325646089350136371222155128894898329954799863140661e1
-0.127716773708459229432774932160073658874419055686782929397207e1
0.322140760845319699192412505689688147916637556706992563525205e2
0.87e4
0.853696085865804652982575678699232331437454425530704371582554e0
-0.223591447323546134062514339442173489449789853182495302965539e1
0.24895045592317275635581949095182586822286401723274926822656e2
0.88e4
0.421519326989486908135141156601025565122189150043525960710662e0
0.517268101119454284640765822002692505613814453888915003880316e1
0.270576230948498491579713437845694936618896805021524730873804e2
0.89e4
0.725744756574753803168388452372692325919514468210679027054634e1
0.12786282956013898077133468990256427866366353033299013520068e2
0.137613173772172778708456098796667209409611401299836728238906e2
0.9e4
0.134796532300467285018054343602329196826867261233177516856919e2
0.172821018586842183623289476619187089372350771473834425077107e2
0.292381968882139677768801631757725766925195853464324919457943e2
0.91e4
-0.730643512953264000461118899064002525031023549109370364123596e1
-0.478005268160169014048124168429262457782960677318673922519909e0
0.3299925126452086994176844059035310017596327920347195651784e2
0.92e4
0.494552325578841031354959619849045470621335127447097410162369e1
0.723371105014522437916041532595574889845795282559696048429452e1
0.177594064989446704274768352779057028965290802452713254940985e2
0.93e4
0.821709528216619821090201519483955941973480439698477196111964e1
0.128838618191509468120715657541268474891827230818093425340095e2
0.185044324026366998311822291392093232892964241948931486988449e2
0.94e4
0.241513285756393036184461389139933264112295116714972724981205e1
0.383308770513372514904541124737185637185973251845744089199853e1
0.143865113318610376704657163018239174276062563332219313847156e2
0.95e4
0.899964271997060896559414195076108844645875820611818647309715e1
0.303737778176618777039586318908336119275161471729197275965911e1
0.338241933837925779117674376657856059445102660558982816925997e2
0.96e4
0.292312392189633584390598905118893001088139275374462833904765e1
0.483027745113643975436655046115469442349138904576553499112763e1
0.136646762328288122759799261035298913814023827198709902962961e2
0.97e4
-0.130235218380473556783602900832811652246634499875248087323655e2
-0.113280001794385799561676021986196964174458000327621735544481e2
0.346752270897093279711576046011813368110207467314907931348186e2
0.98e4
-0.120543596638741459398056566680199888186190670545213584668387e2
-0.462084345422309146733596390681364601300721401004166335222653e1
0.38304616170987866915339317564776517594710860962850238779372e2
0.99e4
0.412993589517970518035984329384343527354047001910264925035143e1
0.717311979577929768829931141468047700721897397364068612969224e1
0.126310508794806041541466854049032081976559472439891049375641e2
0.1e5
-0.158172779983682670709332162407936549652798578315010958000698e2
-0.173668683295569447009442414366574948367214107043831335589124e2
0.355583861658825927939475862355967088715230792499680711696501e2
0.101e5
-0.782101375408228446119350214395617179636422700245294399608124e1
-0.125338852711790053254574249688474992468491686672798060595313e2
0.175227354772832088435283388923395172298153272570881741318368e2
0.102e5
-0.46085549435975738957888654214946376095747236434507088630398e1
0.962636591202194081862930850913937859374671983523072739024171e0
0.298259640308746779331892325293030318842396226611938280330044e2
0.103e5
-0.327810945626423316128455979622837973422553378255587396389409e1
-0.556197339408699651375661361658705114349499046299625903696504e1
0.137524709725616080076052218265650691785140296400606228818216e2
0.104e5
0.403998256173817433481969093725257956702691494421019763792866e1
0.204097394560510299556216319282709568202382824155004019395727e1
0.251725572209716024690518157068069155297035656587840109643312e2
0.105e5
-0.111025427087580644540376675531278168760426449903752421010768e2
-0.168423357565496650938013228735230142181881595853303116644307e2
0.221399624838435506057403378182715735041522836119752242169287e2
0.106e5
0.270468310900529466783408088403906181849620215169157768925783e1
0.53691666895943799575784137950465679155763453021273334803661e1
0.617891987789881201231002422207982256980493392924108103729341e1
0.107e5
0.844885149046964730404800909150953315834663747535938931662245e1
0.386974397414670042586946376414102184967880797959320942085396e1
0.320376561608527853678931221958859240960462764959378824138693e2
0.108e5
0.477531124734897345520108919469461270888162071094058568597514e1
0.853476041596711629191900018690354502838726667870466325182007e1
0.119161639113711452080347061271664471676920854737436503652979e2
0.109e5
0.835160903008798282569507454269884772739455663578283610591472e1
0.112308823282900720023104428905420936113805257418329250152739e2
0.224010167101935584322284220862463202445786952764735934817535e2
0.11e5
0.610629269055689971917782003095370055267185885053970862735508e1
-0.333795350928712428173974978144552360814210542698512462640748e1
0.341603471532583648867450334710712261840913307358242610005285e2
